# Created by Octave 3.4.3, Tue Oct 09 10:55:23 2012 EDT <kswerss@Kevins-MacBook-Air.local>
# name: neg_examples_nobias
# type: matrix
# rows: 7
# columns: 2
 -0.7914285714285715 0.07973421926910329
 -0.5571428571428571 0.4119601328903657
 -0.2257142857142856 0.6976744186046515
 0.1628571428571428 0.8305647840531565
 0.46 0.6578073089701
 0.734285714285714 0.3388704318936879
 0.8257142857142856 -0.01328903654485036


# name: pos_examples_nobias
# type: matrix
# rows: 7
# columns: 2
 -0.7628571428571429 -0.1926910299003322
 -0.6028571428571429 -0.485049833887043
 -0.3857142857142858 -0.6976744186046511
 -0.1914285714285714 -0.3588039867109634
 0.2828571428571429 -0.4318936877076411
 0.4085714285714284 -0.6976744186046511
 0.7514285714285713 -0.2325581395348835


# name: w_gen_feas
# type: matrix
# rows: 3
# columns: 1
 -0.6727286447504772
 -11.4892171706386
 -0.8941109530297788


# name: w_init
# type: matrix
# rows: 3
# columns: 1
 0.9036803371988847
 -0.4908754917186831
 0.9485529482883966


